[gd_scene load_steps=11 format=2]

[ext_resource path="res://level/level.gd" type="Script" id=1]
[ext_resource path="res://level/geometry/giprobe_data.res" type="GIProbeData" id=5]
[ext_resource path="res://player/player.tscn" type="PackedScene" id=6]
[ext_resource path="res://enemies/red_robot/red_robot.tscn" type="PackedScene" id=7]
[ext_resource path="res://level/level_music.ogg" type="AudioStream" id=8]
[ext_resource path="res://level/debug.gd" type="Script" id=9]

[sub_resource type="ProceduralSky" id=5]

[sub_resource type="Environment" id=6]
background_mode = 2
background_sky = SubResource( 5 )
background_energy = 0.7

[sub_resource type="SpatialMaterial" id=4]
albedo_color = Color( 0.941176, 0.941176, 0.941176, 1 )

[sub_resource type="BoxShape" id=3]
extents = Vector3( 100, 0.001, 100 )

[node name="Level" type="Spatial"]
script = ExtResource( 1 )

[node name="DirectionalLight" type="DirectionalLight" parent="."]
transform = Transform( -0.596313, 0.433383, 0.675714, 0.228688, -0.715156, 0.660495, 0.769489, 0.548389, 0.327347, 0, 0, 0 )
light_energy = 0.3
shadow_enabled = true
directional_shadow_mode = 0
directional_shadow_split_3 = 0.327
directional_shadow_depth_range = 1
directional_shadow_max_distance = 20.0

[node name="WorldEnvironment" type="WorldEnvironment" parent="."]
environment = SubResource( 6 )

[node name="GIProbe" type="GIProbe" parent="."]
transform = Transform( 1, 0, 0, 0, 1, 0, 0, 0, 1, -6.09263, 1.28266, 2.88598 )
visible = false
subdiv = 2
extents = Vector3( 113.946, 48.8048, 117.028 )
energy = 2.2
propagation = 1.0
interior = true
data = ExtResource( 5 )

[node name="ReflectionProbes" type="Spatial" parent="."]
visible = false

[node name="ReflectionProbe1" type="ReflectionProbe" parent="ReflectionProbes"]
transform = Transform( 0.494055, 0, -0.869431, 0, 1, 0, 0.869431, 0, 0.494055, 28.1433, -18.8082, 71.0693 )
extents = Vector3( 37.3556, 50, 83.0437 )
box_projection = true
interior_enable = true
interior_ambient_color = Color( 0.239216, 0.160784, 0.0588235, 1 )
interior_ambient_contrib = 0.33

[node name="ReflectionProbe2" type="ReflectionProbe" parent="ReflectionProbes"]
transform = Transform( 0.999799, 0, -0.0200534, 0, 1, 0, 0.0200534, 0, 0.999799, 73.9972, 0, -12.2086 )
extents = Vector3( 35.8169, 50, 64.5769 )
box_projection = true
interior_enable = true
interior_ambient_color = Color( 0.152941, 0.0941176, 0.027451, 1 )
interior_ambient_contrib = 0.45

[node name="ReflectionProbe3" type="ReflectionProbe" parent="ReflectionProbes"]
transform = Transform( 0.999799, 0, -0.0200534, 0, 1, 0, 0.0200534, 0, 0.999799, -0.392717, -7.57649, 0.0575469 )
extents = Vector3( 38.9134, 50, 37.1232 )
interior_enable = true
interior_ambient_color = Color( 0.2, 0.129412, 0.0470588, 1 )
interior_ambient_contrib = 0.3

[node name="Player" parent="." instance=ExtResource( 6 )]
transform = Transform( -0.575826, 0, -0.817573, 0, 1, 0, 0.817573, 0, -0.575826, 1.94315, 0, -0.245064 )

[node name="RedRobot1" parent="." instance=ExtResource( 7 )]
transform = Transform( 0.843905, 0, -0.536493, 0, 1, 0, 0.536493, 0, 0.843905, 71.591, 0, 46.274 )

[node name="RedRobot2" parent="." instance=ExtResource( 7 )]
transform = Transform( 0.338334, 0, 0.941027, 0, 1, 0, -0.941027, 0, 0.338334, 53.213, 0, 15.932 )

[node name="RedRobot3" parent="." instance=ExtResource( 7 )]
transform = Transform( -0.164432, 0, 0.986389, 0, 1, 0, -0.986389, 0, -0.164432, -2.961, 0, 43.4194 )

[node name="RedRobot4" parent="." instance=ExtResource( 7 )]
transform = Transform( -0.164432, 0, 0.986389, 0, 1, 0, -0.986389, 0, -0.164432, -28.2996, 0, -16.924 )

[node name="Music" type="AudioStreamPlayer" parent="."]
stream = ExtResource( 8 )
autoplay = true

[node name="Debug" type="Label" parent="."]
margin_left = 10.0
margin_top = 10.0
margin_right = 40.0
margin_bottom = 14.0
text = "FPS: 0
VSync:
Memory:"
script = ExtResource( 9 )
__meta__ = {
"_edit_use_anchors_": false
}

[node name="CSGBox" type="CSGBox" parent="."]
transform = Transform( 1, 0, 0, 0, 1, 0, 0, 0, 1, 0, -0.5, 0 )
width = 200.0
height = 0.002
depth = 200.0
material = SubResource( 4 )

[node name="StaticBody" type="StaticBody" parent="CSGBox"]

[node name="CollisionShape" type="CollisionShape" parent="CSGBox/StaticBody"]
shape = SubResource( 3 )
